[0m        [0;38;2;15;18;25m▄▄▄▄▄▄▄▄▄▄▄▄[0m        [0m
[0m      [38;2;15;18;25;48;2;15;18;25m▀▀[38;2;15;18;25;48;2;130;78;158m▀▀▀▀▀▀▀▀▀▀▀▀[38;2;15;18;25;48;2;15;18;25m▀▀[0m      [0m
[0m     [38;2;15;18;25;48;2;15;18;25m▀[38;2;15;18;25;48;2;130;78;158m▀[38;2;73;43;97;48;2;130;78;158m▀[38;2;73;43;97;48;2;234;192;100m▀[38;2;15;18;25;48;2;241;229;197m▀▀▀▀▀▀▀▀▀▀[38;2;73;43;97;48;2;177;127;54m▀[38;2;73;43;97;48;2;36;27;48m▀[38;2;15;18;25;48;2;36;27;48m▀[38;2;15;18;25;48;2;15;18;25m▀[0m     [0m
[0m     [38;2;15;18;25;48;2;15;18;25m▀[38;2;130;78;158;48;2;130;78;158m▀▀[38;2;234;192;100;48;2;241;229;197m▀[38;2;241;229;197;48;2;241;229;197m▀▀▀▀▀▀▀▀▀▀[38;2;177;127;54;48;2;241;229;197m▀[38;2;36;27;48;48;2;36;27;48m▀▀[38;2;15;18;25;48;2;15;18;25m▀[0m     [0m
[0m     [38;2;15;18;25;48;2;15;18;25m▀[38;2;130;78;158;48;2;130;78;158m▀▀[38;2;241;229;197;48;2;241;229;197m▀[38;2;15;18;25;48;2;15;18;25m▀[38;2;15;18;25;48;2;222;48;64m▀[38;2;15;18;25;48;2;15;18;25m▀▀[38;2;241;229;197;48;2;241;229;197m▀▀[38;2;15;18;25;48;2;15;18;25m▀▀[38;2;15;18;25;48;2;222;48;64m▀[38;2;15;18;25;48;2;15;18;25m▀[38;2;241;229;197;48;2;241;229;197m▀[38;2;36;27;48;48;2;36;27;48m▀▀[38;2;15;18;25;48;2;15;18;25m▀[0m     [0m
[0m     [38;2;15;18;25;48;2;15;18;25m▀[38;2;130;78;158;48;2;130;78;158m▀▀[38;2;241;229;197;48;2;241;229;197m▀[38;2;15;18;25;48;2;241;229;197m▀▀▀▀[38;2;241;229;197;48;2;15;18;25m▀▀[38;2;15;18;25;48;2;241;229;197m▀▀▀▀[38;2;241;229;197;48;2;241;229;197m▀[38;2;36;27;48;48;2;36;27;48m▀▀[38;2;15;18;25;48;2;15;18;25m▀[0m     [0m
[0m     [38;2;15;18;25;48;2;15;18;25m▀[38;2;130;78;158;48;2;130;78;158m▀▀[38;2;234;192;100;48;2;234;192;100m▀[38;2;241;229;197;48;2;241;229;197m▀▀▀▀[38;2;15;18;25;48;2;241;229;197m▀▀[38;2;241;229;197;48;2;241;229;197m▀▀▀▀[38;2;177;127;54;48;2;177;127;54m▀[38;2;36;27;48;48;2;36;27;48m▀▀[38;2;15;18;25;48;2;15;18;25m▀[0m     [0m
[0m     [38;2;15;18;25;48;2;15;18;25m▀▀[38;2;73;43;97;48;2;73;43;97m▀▀▀[38;2;15;18;25;48;2;241;229;197m▀[38;2;241;229;197;48;2;241;229;197m▀[38;2;15;18;25;48;2;241;229;197m▀[38;2;241;229;197;48;2;241;229;197m▀▀[38;2;15;18;25;48;2;241;229;197m▀[38;2;241;229;197;48;2;241;229;197m▀[38;2;15;18;25;48;2;241;229;197m▀[38;2;73;43;97;48;2;73;43;97m▀▀▀[38;2;15;18;25;48;2;15;18;25m▀▀[0m     [0m
[0m   [0;38;2;15;18;25m▄▄▄[38;2;15;18;25;48;2;15;18;25m▀▀▀▀▀[38;2;193;179;151;48;2;15;18;25m▀▀▀▀▀▀[38;2;15;18;25;48;2;15;18;25m▀▀▀▀▀[0;38;2;15;18;25m▄▄▄[0m   [0m
[0m  [38;2;15;18;25;48;2;15;18;25m▀[38;2;255;124;120;48;2;222;48;64m▀[38;2;222;48;64;48;2;222;48;64m▀▀[38;2;139;29;46;48;2;139;29;46m▀[38;2;15;18;25;48;2;15;18;25m▀▀[38;2;15;18;25;48;2;241;229;197m▀▀▀▀▀▀▀▀▀▀[38;2;15;18;25;48;2;15;18;25m▀▀[38;2;255;124;120;48;2;222;48;64m▀[38;2;222;48;64;48;2;222;48;64m▀▀[38;2;139;29;46;48;2;139;29;46m▀[38;2;15;18;25;48;2;15;18;25m▀[0m  [0m
[0m  [38;2;15;18;25;48;2;15;18;25m▀[38;2;139;29;46;48;2;177;127;54m▀▀▀▀[38;2;15;18;25;48;2;15;18;25m▀[38;2;234;192;100;48;2;234;192;100m▀[38;2;36;27;48;48;2;36;27;48m▀▀[38;2;234;192;100;48;2;36;27;48m▀▀[38;2;234;192;100;48;2;241;229;197m▀▀[38;2;234;192;100;48;2;36;27;48m▀▀[38;2;36;27;48;48;2;36;27;48m▀▀[38;2;177;127;54;48;2;177;127;54m▀[38;2;15;18;25;48;2;15;18;25m▀[38;2;139;29;46;48;2;177;127;54m▀▀▀▀[38;2;15;18;25;48;2;15;18;25m▀[0m  [0m
[0m     [38;2;15;18;25;48;2;15;18;25m▀[38;2;73;43;97;48;2;73;43;97m▀[38;2;130;78;158;48;2;130;78;158m▀[38;2;234;192;100;48;2;234;192;100m▀[38;2;36;27;48;48;2;36;27;48m▀▀[38;2;193;179;151;48;2;36;27;48m▀▀[38;2;241;229;197;48;2;241;229;197m▀▀[38;2;193;179;151;48;2;36;27;48m▀▀[38;2;36;27;48;48;2;36;27;48m▀▀[38;2;177;127;54;48;2;177;127;54m▀[38;2;36;27;48;48;2;36;27;48m▀[38;2;73;43;97;48;2;73;43;97m▀[38;2;15;18;25;48;2;15;18;25m▀[0m     [0m
[0m     [38;2;15;18;25;48;2;15;18;25m▀[38;2;73;43;97;48;2;73;43;97m▀[38;2;130;78;158;48;2;73;43;97m▀[38;2;234;192;100;48;2;234;192;100m▀[38;2;36;27;48;48;2;36;27;48m▀▀▀[38;2;139;29;46;48;2;139;29;46m▀[38;2;222;48;64;48;2;139;29;46m▀▀[38;2;139;29;46;48;2;139;29;46m▀[38;2;36;27;48;48;2;36;27;48m▀▀▀[38;2;177;127;54;48;2;177;127;54m▀[38;2;36;27;48;48;2;73;43;97m▀[38;2;73;43;97;48;2;73;43;97m▀[38;2;15;18;25;48;2;15;18;25m▀[0m     [0m
[0m     [0;38;2;15;18;25m▀▀▀[0;38;2;177;127;54m▀▀▀▀▀▀▀▀▀▀▀▀[0;38;2;15;18;25m▀▀▀[0m     [0m
